Matrix A:

6 8 5 2 4 7 0 4 2 4 1 7 4 9 8 9 9 5 1 6 
4 4 3 4 4 0 4 4 0 4 8 8 3 5 1 7 4 3 3 6 
8 6 4 4 5 4 3 6 2 7 3 8 3 8 4 8 8 1 4 0 
5 4 9 8 9 2 7 3 7 0 1 5 8 7 2 4 2 5 2 6 
2 5 6 6 5 1 6 3 2 0 4 7 6 5 8 7 7 5 0 4 
8 3 2 6 1 4 2 5 1 5 3 4 2 9 2 8 0 0 3 2 
0 9 0 8 4 0 5 3 5 7 0 5 0 2 2 1 8 6 8 1 
1 1 7 4 1 9 4 1 9 7 6 1 7 8 1 3 8 6 7 3 
3 7 9 4 1 3 7 1 9 6 2 1 9 0 7 0 1 3 4 3 
0 0 6 9 8 8 3 6 4 0 1 0 9 0 6 0 5 5 1 5 
3 3 8 3 5 7 5 9 0 9 2 2 9 8 2 9 8 7 5 5 
7 7 5 6 9 3 8 7 8 9 2 2 4 2 7 2 9 2 1 9 
4 3 1 5 3 3 5 4 2 2 9 9 1 6 7 3 9 5 0 9 
6 4 3 3 6 0 5 5 5 6 4 9 9 7 4 4 3 1 8 5 
4 7 7 5 5 4 8 4 2 0 6 0 4 9 3 0 2 8 5 7 
4 1 8 5 1 4 2 4 8 0 9 2 0 8 9 5 5 0 2 7 
0 8 9 5 9 3 7 1 1 3 0 8 6 0 5 7 5 7 3 3 
8 3 7 0 1 8 7 6 8 9 5 1 9 7 6 9 0 3 2 3 
8 3 3 7 3 9 6 0 6 0 5 6 5 2 6 8 3 4 7 1 
5 2 2 5 1 0 6 1 6 8 7 6 1 0 3 7 1 0 7 8

Matrix B:

2 3 4 7 7 3 5 0 9 2 4 4 7 8 1 8 9 7 2 5 
8 9 3 1 1 7 8 3 9 8 1 1 1 7 0 0 2 5 3 1 
8 7 6 7 5 9 5 6 9 7 3 7 8 7 8 0 6 9 3 5 
7 6 8 0 5 8 0 8 5 5 1 3 4 9 2 2 9 8 8 8 
7 2 5 6 1 5 6 7 4 1 2 3 9 2 3 6 2 6 6 7 
3 8 3 8 7 5 0 8 3 0 6 3 4 3 9 5 1 7 2 5 
0 6 1 9 0 4 7 2 2 4 0 6 4 3 4 1 0 6 0 6 
6 8 9 3 2 8 8 3 7 3 0 7 1 3 8 2 8 5 4 2 
1 6 8 5 1 4 9 2 2 1 8 1 9 7 4 3 7 4 8 6 
7 9 3 1 2 3 3 2 0 9 7 4 6 5 9 9 2 8 1 6 
9 1 7 1 0 3 4 7 8 3 3 7 4 8 8 8 3 3 1 4 
3 8 8 1 5 9 0 9 0 4 6 9 5 5 2 6 9 7 5 9 
2 9 8 6 9 9 4 3 2 7 9 7 7 7 8 5 8 1 4 8 
5 2 0 2 8 2 8 9 9 4 0 1 5 8 9 4 7 6 9 2 
3 8 9 3 7 0 0 6 1 4 6 8 9 6 0 9 9 9 0 0 
5 0 4 0 8 3 6 8 9 8 0 5 8 1 0 6 1 0 4 4 
6 0 4 7 7 5 6 8 6 6 8 1 8 2 3 7 8 1 7 9 
9 7 6 8 0 6 6 2 8 2 8 5 4 3 2 3 8 1 1 6 
9 2 9 8 4 4 7 4 5 4 4 7 3 0 7 3 9 5 7 7 
7 6 2 1 9 7 7 9 8 8 7 7 2 6 5 7 0 2 1 7 

Matrix C:

8 7 4 1 8 1 7 9 8 4 6 5 2 9 9 3 6 6 4 6 
6 1 3 9 7 1 8 9 5 1 7 4 9 1 7 9 5 6 8 5 
3 4 1 5 5 2 1 3 0 5 9 8 9 5 7 8 6 7 8 1 
9 5 7 0 8 7 1 5 3 1 1 6 7 4 4 3 8 5 8 8 
2 0 6 1 5 6 0 3 3 0 4 4 7 4 6 7 1 7 3 6 
8 6 3 6 2 9 1 0 4 1 0 8 1 6 2 6 4 2 9 8 
4 6 4 1 2 1 8 3 8 3 1 9 1 4 7 5 5 8 7 9 
1 7 0 3 6 2 9 0 6 1 8 0 9 5 3 1 6 1 6 4 
7 7 5 0 4 2 6 9 2 3 1 4 1 1 7 9 3 8 9 1 
1 0 1 0 5 4 3 1 7 9 7 6 9 3 7 3 7 5 4 0 
8 5 4 1 8 3 0 3 1 2 4 3 2 7 5 9 1 9 0 1 
8 9 7 7 4 4 2 2 1 7 2 0 4 8 3 3 1 6 8 4 
8 3 9 2 0 5 1 4 4 3 5 4 4 2 4 9 9 8 1 0 
7 5 2 2 3 8 7 4 4 5 0 4 0 0 8 1 5 1 7 1 
6 2 7 0 6 3 9 7 2 2 8 1 7 2 3 0 0 2 6 6 
8 7 2 8 9 2 1 4 3 8 7 9 2 6 2 9 0 3 8 4 
6 6 7 5 1 1 8 3 3 6 2 3 3 6 4 4 9 7 0 2 
6 7 4 0 6 6 1 8 9 0 4 7 8 1 5 1 2 3 5 8 
9 7 3 5 3 7 9 4 5 0 7 3 9 3 5 5 9 7 3 0 
7 7 0 7 1 5 9 3 8 4 3 9 3 7 4 8 6 6 3 1 

Result:
Matrix D
543 536 493 383 556 511 491 610 591 494 436 456 573 510 419 519 556 495 395 505 
463 374 407 267 358 426 402 475 466 397 291 416 409 401 357 407 405 369 304 443 
503 474 489 372 463 480 465 530 520 457 358 438 551 473 427 488 553 512 415 500 
491 527 511 429 443 566 507 522 531 424 369 454 557 526 427 382 537 493 423 556 
462 466 488 347 430 488 416 530 484 430 353 451 522 462 338 418 501 433 342 479 
366 349 341 229 369 343 334 389 422 330 205 329 363 388 334 351 388 384 302 343 
449 414 412 304 240 400 398 365 359 360 308 307 363 335 287 301 438 383 347 442 
508 490 483 460 432 478 489 504 488 415 469 403 540 474 553 428 517 442 408 546 
392 544 465 382 327 439 401 343 360 396 389 399 461 456 388 331 440 450 273 421 
396 463 464 380 367 464 328 430 365 312 369 377 445 383 382 331 442 390 303 445 
620 584 541 485 539 593 565 588 614 547 447 525 586 494 591 512 560 512 411 589 
562 623 558 467 460 568 571 540 542 521 472 482 618 567 470 533 545 578 402 594 
491 448 469 320 418 459 412 564 492 404 393 456 471 477 374 498 497 435 320 489 
497 520 542 387 452 521 505 505 474 464 404 504 531 494 473 477 569 489 413 545 
528 482 439 422 370 483 512 477 566 389 328 422 434 485 449 347 462 454 333 455 
450 399 460 313 431 388 416 524 503 371 333 414 491 491 403 428 470 445 344 398 
504 527 492 405 377 534 426 502 454 456 368 458 518 411 336 373 461 458 324 518 
470 591 515 443 486 487 521 479 537 469 428 503 597 537 545 498 504 521 335 493 
441 469 524 432 439 459 404 495 468 361 389 451 537 454 370 442 529 474 357 509 
411 388 413 258 321 371 379 399 378 393 318 419 405 393 334 412 368 387 264 439 
